-3572.285799694061 1615.1650079752148
-1093.7177673578262 2749.861706063191
-1384.4650209188462 2491.2314181247657
-1870.6939164876937 2023.5953231766825
-844.2587696790695 2087.499063883052
686.1053196191788 3134.8031170675495
-611.8415588855744 2841.2249437975283
-1364.8097241640091 2813.7563125522984
57.14920628070831 2991.832404799258
-1685.179676246643 2869.148719553205
-1099.4469873666762 3084.5653022247484
-1751.4147214889526 2497.9816387084716
328.97352106571196 2352.734002581941
-1061.682334136963 2172.3740443372462
-1253.727389883995 2810.838925731267
-2080.9828562021257 2702.9693047683186
-926.8170407056808 2405.6954613664534
-923.8320831537246 3168.1724076462688
-509.6866155862808 3363.5477274959776
609.3605118513108 2635.214769966434
1175.716455745697 2819.5041596484302
1022.557812166214 2504.044432219635
-939.1609615325928 2849.858322974162
-113.41001148223877 2679.022592375791
-1175.0326603412627 2633.2530045468225
1170.9046225070954 2664.761910946121
1158.487571144104 2616.2925568558358
560.4133937835693 3054.517173624721
2364.61433699131 2301.912987748269
1825.8091150760652 2655.934125459083
2191.6730842351913 2911.9954605448775
1473.2470780849458 3068.3872020036856
1595.442055940628 2828.314561937971
1393.655744457245 2591.4119917012786
2244.298899459839 2680.4373058643823
-1042.280720973015 2882.0983538585424
2685.274374461174 2089.412482839531
-165.15010330677032 3399.8797250265543
1562.1692724704742 2945.4908873446666
-19.98762364387512 3386.873381389021
331.2008840799332 2780.652875397314
1465.7905963420867 3378.518761205571
2132.3198792219164 2452.3734362818914
1528.834082341194 2788.792334132975
1894.2949514627458 2695.8142758815643
2730.5736637830732 1615.3472583302355
1756.178719830513 2513.688173466616
612.529347705841 2988.8231725556793
2724.850350046158 2305.8582728417164
3004.562783265114 1385.4639611004895
1597.3490680932998 3072.3249501150885
1680.1650488615037 3144.16843745126
997.7460334300995 3500.21985198843
2245.2559917449953 3309.8843710486235
2044.5360027074814 2759.1338349800026
2663.6777044057844 2665.4006369243925
2691.6387251615524 1578.7659007690443
2712.455366206169 2224.566184760364
3755.1119261980057 307.97583147660646
2349.659189248085 2899.041250657492
511.7722729921341 2812.571926240527
2685.472097659111 2616.4028500093805
1926.9539390802383 2439.473328088901
2053.1756962776185 3004.3137170721516
2437.279736948013 2472.521037964465
3105.9263744592668 1423.5602044335487
2572.3596539497375 1609.6309619479257
3511.1919631242754 1072.0358648877286
2279.929692697525 2069.3954081653123
2925.150466656685 1652.2869602388334
3530.7278648376464 993.7105757320754
3125.3412116527556 1442.121276996431
3394.788197374344 1198.301230400119
2075.3215088129045 2736.8640473205764
2086.273187160492 2296.9308886747176
3005.9558947563173 1522.192630262428
2780.4699990034105 1590.0011416534767
2413.837504863739 2426.0073490866116
3096.836289930344 1335.0173391940175
1864.2079113960267 2561.0440188596795
3131.256633353233 1184.7079977134545
2696.655125951767 2151.1262577828475
2275.8415739536285 3111.7836424133525
1693.385288453102 2526.9905881774334
3970.595347762108 368.3638663486241
2827.448424243927 2217.5780695423396
2347.5485508203506 2523.6669388858445
2838.1112386226655 1825.2194481993395
2588.2272029161454 2119.6281604327337
2630.6448211193083 2430.4497366641067
3128.150061249733 1539.975667491607
3248.083923006058 1279.6347265148854
3371.0778351068498 942.5987947581435
2318.847825551033 2450.399388932578
3605.627581310272 1057.7565119112912
2391.7378351926804 1796.6687276628163
3206.0343982219697 1301.076832989878
3058.9796647787093 2006.7449735540417
3091.2253416061403 1498.0194449373378
2487.0484838724137 2378.607486583653
